data;
template 1347-multiarray;
float x;
float y;
float color;
float thick;
float x-scale;
float id;
float vis;
array 1347-multiarray-a 1347-ma-element;
;
template 1347-ma-element;
float y;
;
template 1347-background;
float x;
float y;
float y1;
float x2;
float y2;
float color;
;
template 1347-refline;
float x;
float y;
float color;
float thick;
float vis;
;
;
1347-multiarray 0 0 900 2 0.010101 2 1;
0.771429;
0.742857;
0.685714;
0.657143;
0.6;
0.571429;
0.542857;
0.514286;
0.485714;
0.457143;
0.428571;
0.4;
0.371429;
0.342857;
0.328571;
0.314286;
0.285714;
0.228571;
0.171429;
0.171429;
0.171429;
0.114286;
0.0571429;
0.0428572;
0.0285715;
-0.0285714;
-0.0571428;
-0.0714285;
-0.0857142;
-0.142857;
-0.171429;
-0.2;
-0.228571;
-0.228571;
-0.228571;
-0.257143;
-0.285714;
-0.314286;
-0.314286;
-0.342857;
-0.342857;
-0.357143;
-0.371429;
-0.428571;
-0.438095;
-0.447619;
-0.485714;
-0.485714;
-0.485714;
-0.542857;
-0.571429;
-0.571429;
-0.6;
-0.628571;
-0.642857;
-0.657143;
-0.685714;
-0.714286;
-0.714286;
-0.714286;
-0.742857;
-0.742857;
-0.771429;
-0.771429;
-0.771429;
-0.771429;
-0.771429;
-0.771429;
-0.771429;
-0.771429;
;
1347-multiarray 0 0 0 1 0.010101 1 1;
0;
0;
0;
0;
0;
-0.0285714;
0.0428571;
0.142857;
0.2;
0.242857;
0.357143;
0.378571;
0.428571;
0.428571;
0.457143;
0.457143;
0.457143;
0.428571;
0.407143;
0.385714;
0.3;
0.264286;
0.2;
0.1;
0.0571429;
-0.0142857;
-0.0857143;
-0.157143;
-0.228571;
-0.314286;
-0.385714;
-0.428571;
-0.442857;
-0.442857;
-0.442857;
-0.442857;
-0.457143;
-0.457143;
-0.4;
-0.371429;
-0.3;
-0.142857;
-0.0857143;
-0.0642857;
-0.0285714;
-0.00714285;
0.0142857;
0.0714286;
0.0857143;
0.1;
0.142857;
0.185714;
0.228571;
0.271429;
0.314286;
0.342857;
0.378571;
0.414286;
0.485714;
0.528571;
0.628572;
0.671429;
0.671429;
0.628572;
0.585714;
0.55;
0.514286;
0.428571;
0.4;
0.314286;
0.257143;
0.2;
0.142857;
0.0428572;
0.0142858;
-0.0714285;
-0.114286;
-0.2;
-0.228571;
-0.257143;
-0.328571;
-0.4;
-0.442857;
-0.471429;
-0.485714;
-0.485714;
-0.485714;
-0.478571;
-0.471429;
-0.464286;
-0.457143;
-0.428571;
-0.428571;
-0.414286;
-0.385714;
-0.371429;
-0.371429;
-0.342857;
-0.314286;
-0.157143;
;
1347-background 0 0 -1 1 1 990;
1347-refline 0 0 282 2 1;
